P= 0.847457627118644
R= 0.8620689655172413
F1= 0.8547008547008546